stable: 1.3.4.27492
beta: 1.3.4.27492