stable: 1.1.2.23898
beta: 1.1.2.23898