stable: 1.3.4.27736
beta: 1.3.5.27757