stable: 1.1.4.25201
beta: 1.1.4.25201
