stable: 2.5.7.42203
beta: 2.5.8.42630