stable: 1.3.4.27550
beta: 1.3.4.27550