stable: 2.3.1.40236
beta: 2.3.1.40236