stable: 2.0.9.34400
beta: 2.0.9.34400