stable: 1.2.0.25399
beta: 1.3.0.26854