stable: 2.2.0.39334
beta: 2.2.0.39334