stable: 2.0.9.34422
beta: 2.0.9.34422