stable: 2.0.10.34511
beta: 2.0.10.34489