stable: 2.0.6.33795
beta: 2.0.6.33795