stable: 2.0.7.34155
beta: 2.0.8.34248