stable: 2.0.11.34546
beta: 2.0.11.34546