stable: 2.3.1.40236
beta: 2.4.1.40878