stable: 1.2.0.25380
beta: 1.2.0.25380