stable: 1.3.6.27926
beta: 1.3.6.27926