stable: 2.4.3.41156
beta: 2.5.0.41470