stable: 2.0.9.34423
beta: 2.0.10.34489