stable: 2.5.5.42018
beta: 2.5.7.42197