stable: 1.1.2.23915
beta: 1.1.2.23929