stable: 2.2.0.39268
beta: 2.2.0.39268