stable: 1.3.5.27810
beta: 1.3.5.27810