stable: 2.5.5.42018
beta: 2.5.6.42171