stable: 1.3.7.28105
beta: 1.3.8.30849