stable: 1.2.0.25387
beta: 1.2.0.25396