stable: 1.0.0.22062
beta: 1.0.0.22068