stable: 1.0.0.22068
beta: 1.0.0.22102