stable: 1.1.2.23820
beta: 1.1.2.23820