stable: 1.3.5.27820
beta: 1.3.5.27820