stable: 2.4.3.41156
beta: 2.4.3.41156