stable: 2.5.11.43793
beta: 2.5.11.43793