stable: 2.0.6.33972
beta: 2.0.6.33972