stable: 1.1.2.23886
beta: 1.1.2.23886