stable: 2.5.8.42638
beta: 2.5.8.42638