stable: 1.1.4.25201
beta: 1.2.0.25372