stable: 2.3.2.40906
beta: 2.4.1.40878