stable: 2.3.0.40132
beta: 2.3.1.40217