stable: 2.4.1.40926
beta: 2.4.1.40926