stable: 2.2.2.39520
beta: 2.2.2.39525