stable: 2.5.1.41496
beta: 2.5.1.41496