stable: 1.1.2.23829
beta: 1.1.2.23829