stable: 1.1.2.23844
beta: 1.1.2.23844