stable: 2.4.2.40992
beta: 2.4.3.41127