stable: 1.0.0.23050
beta: 1.1.1.23760