stable: 1.3.5.28037
beta: 1.3.7.28105