stable: 1.3.4.27566
beta: 1.3.4.27566