stable: 1.3.4.27482
beta: 1.3.4.27482