stable: 2.1.0.37090
beta: 2.2.0.39080