stable: 1.2.0.25399
beta: 1.2.0.25399