stable: 2.5.4.42016
beta: 2.5.4.42016