stable: 1.3.5.27816
beta: 1.3.5.27819