stable: 2.2.2.39550
beta: 2.2.2.39550