stable: 2.5.10.43098
beta: 2.5.11.43428