stable: 2.2.0.39099
beta: 2.2.0.39099