stable: 2.5.2.41507
beta: 2.5.3.41857