stable: 2.1.0.37090
beta: 2.1.0.37090