stable: 2.2.0.39340
beta: 2.2.1.39391