stable: 2.5.9.42824
beta: 2.5.9.42824