stable: 2.2.0.39282
beta: 2.2.0.39282