stable: 1.3.8.31187
beta: 2.0.1.32868