stable: 2.5.13.44140
beta: 2.5.13.44140