stable: 2.2.1.39404
beta: 2.2.1.39404