stable: 1.0.0.22021
beta: 1.0.0.22047