stable: 2.0.6.33808
beta: 2.0.6.33808