stable: 2.3.0.40128
beta: 2.3.0.40128