stable: 1.0.0.22047
beta: 1.0.0.22062