stable: 1.3.8.31187
beta: 1.3.8.31187