stable: 2.0.6.33801
beta: 2.0.6.33801