stable: 1.0.0.22102
beta: 1.0.0.22102