stable: 2.0.11.34546
beta: 2.1.0.37090